0 54 11 13 0 0 0 0 0 0
54 0 37 0 3 0 102 0 0 0
11 37 0 10 36 19 0 0 0 0
13 0 10 0 0 18 0 0 7 0
0 3 36 0 0 15 124 123 0 0
0 0 19 18 15 0 0 138 8 0
0 102 0 0 124 0 0 9 0 72
0 0 0 0 123 138 9 0 146 67
0 0 0 7 0 8 0 146 0 213
0 0 0 0 0 0 72 67 213 0